Week No.,Total Sales
1.0,47148
2.0,45772
3.0,39680
4.0,35381
5.0,33938
6.0,36539
7.0,42684
8.0,37085
9.0,37320
10.0,45731
11.0,41339
12.0,38357
13.0,41915
14.0,36239
15.0,39261
16.0,36823
17.0,32054
18.0,32224
19.0,33616
20.0,36718
21.0,37884
22.0,32348
23.0,31252
24.0,34217
25.0,34072
26.0,30061
27.0,26845
28.0,30813
29.0,30837
30.0,28463
31.0,29544
32.0,33496
33.0,35173
34.0,36071
35.0,32943
36.0,42526
37.0,32400
38.0,31250
39.0,28057
40.0,27927
41.0,25409
42.0,23051
43.0,23621
44.0,23527
45.0,24634
46.0,23054
47.0,32016
48.0,32875
49.0,36335
50.0,45932
51.0,65668
52.0,42474
