Week No.,Total Sales
1.0,93378
2.0,84416
3.0,74001
4.0,64919
5.0,61480
6.0,61787
7.0,70389
8.0,61958
9.0,64106
10.0,70767
11.0,65553
12.0,60423
13.0,66034
14.0,57343
15.0,59128
16.0,55811
17.0,49834
18.0,49370
19.0,53104
20.0,53973
21.0,54286
22.0,47886
23.0,46845
24.0,50707
25.0,49453
26.0,46489
27.0,42257
28.0,46346
29.0,45518
30.0,42598
31.0,44132
32.0,47832
33.0,49135
34.0,50404
35.0,46995
36.0,55857
37.0,44510
38.0,42972
39.0,39366
40.0,39455
41.0,37470
42.0,34675
43.0,35299
44.0,34427
45.0,36101
46.0,34866
47.0,49262
48.0,51166
49.0,57181
50.0,74747
51.0,110409
52.0,70060
