Week No.,Total Sales
1.0,19599
2.0,21038
3.0,20469
4.0,18291
5.0,18996
6.0,17785
7.0,22349
8.0,19749
9.0,18783
10.0,21347
11.0,21224
12.0,21757
13.0,24359
14.0,25750
15.0,23105
16.0,20276
17.0,21163
18.0,22461
19.0,22828
20.0,21002
21.0,22328
22.0,22530
23.0,23804
24.0,23438
25.0,26405
26.0,26287
27.0,24825
28.0,32354
29.0,31936
30.0,31636
31.0,31351
32.0,32944
33.0,33788
34.0,36608
35.0,36008
36.0,31516
37.0,27333
38.0,45720
39.0,34953
40.0,29582
41.0,31393
42.0,31457
43.0,31928
44.0,31439
45.0,38696
46.0,35583
47.0,44017
48.0,48308
49.0,55979
50.0,74028
51.0,105978
52.0,58688
