Week No.,Total Sales
1.0,40369
2.0,41152
3.0,39316
4.0,35579
5.0,34756
6.0,33093
7.0,39023
8.0,37132
9.0,36095
10.0,41207
11.0,40355
12.0,41718
13.0,43666
14.0,45068
15.0,42760
16.0,37398
17.0,38363
18.0,39397
19.0,42084
20.0,37841
21.0,39251
22.0,39462
23.0,42000
24.0,42614
25.0,45700
26.0,46477
27.0,43188
28.0,53520
29.0,51706
30.0,52429
31.0,51354
32.0,53339
33.0,52974
34.0,53994
35.0,52672
36.0,47323
37.0,41423
38.0,59740
39.0,49060
40.0,125248
41.0,100051
42.0,87093
43.0,77563
44.0,70791
45.0,89301
46.0,83463
47.0,100824
48.0,115060
49.0,124532
50.0,165274
51.0,237926
52.0,119412
