Week No.,Total Sales
1.0,17477
2.0,16640
3.0,14694
4.0,14547
5.0,14202
6.0,15077
7.0,12189
8.0,11085
9.0,11735
10.0,10266
11.0,10944
12.0,11740
13.0,11885
14.0,12938
15.0,13361
16.0,11382
17.0,12470
18.0,14328
19.0,12735
20.0,12012
21.0,16954
22.0,14245
23.0,18482
24.0,16913
25.0,13733
26.0,14183
27.0,12901
28.0,14530
29.0,15288
30.0,14632
31.0,16315
32.0,17779
33.0,22096
34.0,23113
35.0,21759
36.0,17706
37.0,14610
38.0,13224
39.0,15723
40.0,18898
41.0,15102
42.0,14640
43.0,16557
44.0,16194
45.0,16695
46.0,19278
47.0,20433
48.0,28012
49.0,31049
50.0,36626
51.0,48288
52.0,23137
