Week No.,Total Sales
1.0,18099
2.0,17981
3.0,15964
4.0,16108
5.0,15909
6.0,17741
7.0,16133
8.0,14501
9.0,16263
10.0,13591
11.0,14708
12.0,17525
13.0,19763
14.0,20122
15.0,20901
16.0,18376
17.0,20134
18.0,21493
19.0,19680
20.0,19193
21.0,24128
22.0,21756
23.0,26707
24.0,24966
25.0,21544
26.0,23907
27.0,22449
28.0,25502
29.0,27409
30.0,26525
31.0,28188
32.0,28940
33.0,32978
34.0,33674
35.0,32037
36.0,27891
37.0,23837
38.0,23108
39.0,25994
40.0,29165
41.0,25136
42.0,24726
43.0,25593
44.0,25215
45.0,26892
46.0,30183
47.0,33128
48.0,44769
49.0,50672
50.0,62651
51.0,83633
52.0,46694
