Week No.,Total Sales
1.0,34890
2.0,29497
3.0,34781
4.0,35839
5.0,27436
6.0,24733
7.0,30521
8.0,23722
9.0,22904
10.0,27669
11.0,24665
12.0,24656
13.0,21345
14.0,21146
15.0,22989
16.0,22551
17.0,28737
18.0,32676
19.0,35711
20.0,32505
21.0,30839
22.0,30302
23.0,32862
24.0,30979
25.0,31791
26.0,27603
27.0,27866
28.0,26236
29.0,30707
30.0,28942
31.0,28924
32.0,32836
33.0,33442
34.0,34788
35.0,35430
36.0,29575
37.0,29001
38.0,28101
39.0,31257
40.0,73458
41.0,36180
42.0,45584
43.0,37694
44.0,36538
45.0,33222
46.0,92887
47.0,119101
48.0,88919
49.0,99324
50.0,107411
51.0,124495
52.0,110860
53.0,75444
