Week No.,Total Sales
1.0,26909
2.0,23548
3.0,29254
4.0,30487
5.0,22604
6.0,19974
7.0,24516
8.0,18175
9.0,17287
10.0,22338
11.0,19670
12.0,18889
13.0,15743
14.0,15483
15.0,17027
16.0,16022
17.0,21147
18.0,24500
19.0,26995
20.0,25390
21.0,23410
22.0,23034
23.0,26216
24.0,23760
25.0,24013
26.0,21182
27.0,21763
28.0,20340
29.0,24563
30.0,22882
31.0,22950
32.0,26595
33.0,27684
34.0,29124
35.0,30416
36.0,24551
37.0,23789
38.0,22344
39.0,25862
40.0,68518
41.0,31651
42.0,40153
43.0,32704
44.0,31944
45.0,28061
46.0,86514
47.0,59613
48.0,51322
49.0,60605
50.0,68535
51.0,77394
52.0,67523
53.0,47612
