Week No.,Total Sales
1.0,28100
2.0,25506
3.0,30044
4.0,26592
5.0,30833
6.0,41090
7.0,41572
8.0,28014
9.0,24708
10.0,32373
11.0,27282
12.0,25346
13.0,23650
14.0,25686
15.0,24146
16.0,24496
17.0,20532
18.0,21389
19.0,21904
20.0,19938
21.0,19220
22.0,19671
23.0,20122
24.0,20713
25.0,22205
26.0,21294
27.0,18884
28.0,21765
29.0,21046
30.0,28507
31.0,22783
32.0,25152
33.0,26593
34.0,27669
35.0,26902
36.0,26729
37.0,34305
38.0,25327
39.0,22912
40.0,21305
41.0,29895
42.0,25134
43.0,24398
44.0,25862
45.0,25374
46.0,24041
47.0,24183
48.0,31845
49.0,35417
50.0,41257
51.0,58294
52.0,42046
