Week No.,Total Sales
1.0,44447
2.0,38058
3.0,40946
4.0,37382
5.0,39746
6.0,50348
7.0,52010
8.0,37146
9.0,33380
10.0,40844
11.0,35412
12.0,33256
13.0,30918
14.0,32937
15.0,31250
16.0,33204
17.0,27383
18.0,28649
19.0,29519
20.0,26781
21.0,26100
22.0,26244
23.0,26776
24.0,27486
25.0,29298
26.0,28035
27.0,25086
28.0,28434
29.0,27827
30.0,35134
31.0,29794
32.0,31795
33.0,32980
34.0,34654
35.0,34513
36.0,33284
37.0,40338
38.0,31071
39.0,28130
40.0,26415
41.0,35010
42.0,30664
43.0,30075
44.0,31241
45.0,31763
46.0,30679
47.0,30933
48.0,43482
49.0,48343
50.0,57063
51.0,79974
52.0,58410
